10;1014016701;0
1;1237448103;0
11;834517157;0
12;1303476621;0
13;1152233468;0
14;1303958113;0
15;1072851299;0
16;844674595;0
17;1260762394;0
18;898830035;0
19;1171464722;0
20;1303143153;0
2;1075907117;0
21;1056329212;0
3;1177923397;0
4;877741257;0
5;1193411881;0
6;1193553016;0
7;1181324214;0
8;1225525309;0
9;997845842;0
10;0;106842198
5;0;108898377
14;0;110113728
20;0;110192521
10;0;110369771
19;0;113299084
4;0;119063587
5;0;119675937
11;0;131399592
7;0;131911356
21;0;133611018
8;0;134658674
18;0;134927551
9;0;136069174
1;0;138565772
15;0;139549580
3;0;141705815
10;0;142854517
15;0;145979399
13;0;147238450
6;0;148130695
16;0;148667341
12;0;149384879
17;0;152820499
2;0;155209824
